RUNNING THE L-BFGS-B CODE

it    = iteration number
nf    = number of function evaluations
nseg  = number of segments explored during the Cauchy search
nact  = number of active bounds at the generalized Cauchy point
sub   = manner in which the subspace minimization terminated:
        con = converged, bnd = a bound was reached
itls  = number of iterations performed in the line search
stepl = step length used
tstep = norm of the displacement (total step)
projg = norm of the projected gradient
f     = function value

           * * *

Machine precision = 2.220D-16
 N =         5610     M =           10

   it   nf  nseg  nact  sub  itls  stepl    tstep     projg        f
    0    1     -     -   -     -     -        -     2.125D-05  9.234D+00
    1    3     1     0  ---    1  4.4D+04  5.0D+00  1.944D-05  7.566D+00
    2    4     0     0  con    0  1.0D+00  6.7D+01  6.961D-06  1.801D+00
    3    5     0     0  con    0  1.0D+00  1.7D+01  5.305D-06  1.801D+00
    4    9     0     0  con    3  5.0D-01  2.9D+01  2.581D-06  1.801D+00
    5   13     0     0  con    3  5.0D-01  1.5D+01  2.131D-06  1.784D+00
    6   53     1     0  ---   19  3.0D+04  6.3D-01  2.897D-05  1.631D+00
    7   57     0     0  con    3  5.0D-01  4.5D-02  1.040D-05  1.622D+00
    8   67     0     0  con    9  1.3D-01  1.2D-01  3.993D-05  1.605D+00
    9   68     0     0  con    0  1.0D+00  3.4D-02  1.948D-05  1.580D+00
   10   74     0     0  con    5  2.5D-01  1.4D-01  1.094D-05  1.510D+00
   11   84     0     0  con    9  1.3D-01  6.6D-02  1.282D-05  1.496D+00
   12   85     0     0  con    0  1.0D+00  4.4D-02  1.173D-05  1.484D+00
   13   92     0     0  con    6  2.5D-01  6.1D-02  1.580D-05  1.472D+00
   14   93     0     0  con    0  1.0D+00  4.4D-02  8.983D-06  1.463D+00
   15  102     0     0  con    8  2.4D+00  2.2D-01  1.342D-05  1.420D+00
   16  109     0     0  con    6  2.5D-01  5.1D-02  1.793D-05  1.417D+00
   17  110     0     0  con    0  1.0D+00  1.0D-01  2.344D-05  1.379D+00
   18  118     0     0  con    7  1.1D-01  5.0D-02  2.483D-05  1.365D+00
   19  119     0     0  con    0  1.0D+00  1.1D-01  3.118D-05  1.343D+00
   20  120     0     0  con    0  1.0D+00  3.7D-02  1.197D-05  1.320D+00
   21  124     0     0  con    3  5.0D-01  6.1D-02  1.340D-05  1.308D+00
   22  125     0     0  con    0  1.0D+00  4.9D-02  7.770D-06  1.303D+00
   23  126     0     0  con    0  1.0D+00  2.9D-02  7.881D-06  1.297D+00
   24  127     0     0  con    0  1.0D+00  1.6D-01  1.609D-05  1.270D+00
   25  140     0     0  con   12  6.3D-02  8.0D-02  2.426D-05  1.265D+00
   26  141     0     0  con    0  1.0D+00  2.8D-02  1.626D-05  1.254D+00
   27  142     0     0  con    0  1.0D+00  5.1D-02  1.065D-05  1.241D+00
   28  143     0     0  con    0  1.0D+00  8.4D-02  8.227D-06  1.228D+00
   29  144     0     0  con    0  1.0D+00  1.2D-01  1.828D-05  1.217D+00
   30  148     0     0  con    3  5.0D-01  1.2D-01  3.438D-05  1.209D+00
   31  149     0     0  con    0  1.0D+00  2.5D-02  2.046D-05  1.190D+00
   32  150     0     0  con    0  1.0D+00  5.8D-02  8.886D-06  1.174D+00
   33  154     0     0  con    3  5.0D-01  5.4D-02  8.747D-06  1.170D+00
   34  155     0     0  con    0  1.0D+00  1.5D-02  4.045D-06  1.168D+00
   35  156     0     0  con    0  1.0D+00  2.4D-02  3.185D-06  1.166D+00
   36  157     0     0  con    0  1.0D+00  1.4D-01  9.707D-06  1.160D+00
   37  158     0     0  con    0  1.0D+00  1.6D-01  1.319D-05  1.154D+00
   38  159     0     0  con    0  1.0D+00  5.6D-01  1.731D-05  1.139D+00
   39  166     0     0  con    6  2.5D-01  1.2D-01  1.438D-05  1.137D+00
   40  167     0     0  con    0  1.0D+00  1.9D-01  7.410D-06  1.129D+00
   41  168     0     0  con    0  1.0D+00  1.1D-01  6.715D-06  1.127D+00
   42  169     0     0  con    0  1.0D+00  9.5D-02  6.826D-06  1.126D+00
   43  170     0     0  con    0  1.0D+00  1.9D-01  7.474D-06  1.124D+00
   44  171     0     0  con    0  1.0D+00  4.2D-01  9.995D-06  1.120D+00
   45  172     0     0  con    0  1.0D+00  1.0D+00  1.164D-05  1.113D+00
   46  173     0     0  con    0  1.0D+00  2.0D+00  1.018D-05  1.108D+00
   47  174     0     0  con    0  1.0D+00  3.7D-01  1.414D-05  1.099D+00
   48  175     0     0  con    0  1.0D+00  7.2D-02  1.060D-05  1.087D+00
   49  176     0     0  con    0  1.0D+00  2.6D-01  1.412D-05  1.074D+00
   50  177     0     0  con    0  1.0D+00  1.9D-01  7.605D-06  1.063D+00
   51  179     0     0  con    1  4.4D-01  1.9D-01  7.377D-06  1.057D+00
   52  180     0     0  con    0  1.0D+00  2.3D-01  1.115D-05  1.054D+00
   53  181     0     0  con    0  1.0D+00  2.4D-01  9.544D-06  1.048D+00
   54  182     0     0  con    0  1.0D+00  7.1D-01  6.163D-06  1.039D+00
   55  186     0     0  con    3  5.0D-01  4.7D-01  1.076D-05  1.034D+00
   56  187     0     0  con    0  1.0D+00  2.7D-01  7.319D-06  1.024D+00
   57  188     0     0  con    0  1.0D+00  2.8D-01  5.133D-06  1.013D+00
   58  189     0     0  con    0  1.0D+00  3.2D-01  7.814D-06  1.001D+00
   59  190     0     0  con    0  1.0D+00  4.8D-01  9.972D-06  9.904D-01
   60  191     0     0  con    0  1.0D+00  5.1D-01  7.259D-06  9.840D-01
   61  192     0     0  con    0  1.0D+00  1.0D-01  5.223D-06  9.775D-01
   62  193     0     0  con    0  1.0D+00  1.4D-01  6.523D-06  9.749D-01
   63  194     0     0  con    0  1.0D+00  1.2D-01  7.196D-06  9.722D-01
   64  195     0     0  con    0  1.0D+00  6.3D-01  7.667D-06  9.612D-01
   65  196     0     0  con    0  1.0D+00  7.6D-01  1.205D-05  9.512D-01
   66  197     0     0  con    0  1.0D+00  4.3D-01  6.712D-06  9.342D-01
   67  198     0     0  con    0  1.0D+00  5.4D-01  5.191D-06  9.182D-01
   68  199     0     0  con    0  1.0D+00  2.9D-01  1.008D-05  9.112D-01
   69  200     0     0  con    0  1.0D+00  2.5D-01  8.813D-06  9.052D-01
   70  201     0     0  con    0  1.0D+00  4.8D-01  5.263D-06  8.930D-01
   71  202     0     0  con    0  1.0D+00  2.5D-01  9.314D-06  8.894D-01
   72  203     0     0  con    0  1.0D+00  1.3D-01  5.656D-06  8.825D-01
   73  204     0     0  con    0  1.0D+00  8.6D-02  3.654D-06  8.790D-01
   74  205     0     0  con    0  1.0D+00  3.9D-01  5.913D-06  8.687D-01
   75  206     0     0  con    0  1.0D+00  6.7D-01  9.583D-06  8.646D-01
   76  207     0     0  con    0  1.0D+00  3.2D-01  5.092D-06  8.519D-01
   77  208     0     0  con    0  1.0D+00  3.1D-01  4.081D-06  8.454D-01
   78  209     0     0  con    0  1.0D+00  2.3D-01  4.351D-06  8.413D-01
   79  210     0     0  con    0  1.0D+00  3.5D-01  5.676D-06  8.334D-01
   80  211     0     0  con    0  1.0D+00  3.8D-01  8.469D-06  8.230D-01
   81  212     0     0  con    0  1.0D+00  4.0D-01  7.551D-06  8.149D-01
   82  213     0     0  con    0  1.0D+00  1.6D-01  3.547D-06  8.069D-01
   83  214     0     0  con    0  1.0D+00  1.0D-01  2.986D-06  8.035D-01
   84  215     0     0  con    0  1.0D+00  1.3D-01  3.769D-06  7.995D-01
   85  216     0     0  con    0  1.0D+00  4.5D-01  6.660D-06  7.920D-01
   86  217     0     0  con    0  1.0D+00  4.3D-01  5.609D-06  7.831D-01
   87  218     0     0  con    0  1.0D+00  4.6D-01  4.594D-06  7.748D-01
   88  219     0     0  con    0  1.0D+00  1.5D-01  4.109D-06  7.695D-01
   89  220     0     0  con    0  1.0D+00  1.2D-01  4.075D-06  7.641D-01
   90  221     0     0  con    0  1.0D+00  4.8D-01  7.707D-06  7.558D-01
   91  222     0     0  con    0  1.0D+00  3.4D-01  5.227D-06  7.471D-01
   92  223     0     0  con    0  1.0D+00  9.0D-02  4.039D-06  7.426D-01
   93  224     0     0  con    0  1.0D+00  2.7D-01  5.464D-06  7.376D-01
   94  225     0     0  con    0  1.0D+00  1.9D-01  2.949D-06  7.322D-01
   95  226     0     0  con    0  1.0D+00  2.3D-01  3.382D-06  7.252D-01
   96  227     0     0  con    0  1.0D+00  4.8D-01  5.980D-06  7.176D-01
   97  228     0     0  con    0  1.0D+00  4.1D-01  6.408D-06  7.128D-01
   98  229     0     0  con    0  1.0D+00  5.8D-02  4.656D-06  7.063D-01
   99  230     0     0  con    0  1.0D+00  1.7D-01  3.687D-06  6.983D-01
  100  231     0     0  con    0  1.0D+00  2.2D-01  3.220D-06  6.936D-01
  101  232     0     0  con    0  1.0D+00  7.5D-01  1.054D-05  6.868D-01
  102  233     0     0  con    0  1.0D+00  9.6D-02  4.636D-06  6.766D-01
  103  234     0     0  con    0  1.0D+00  8.5D-02  2.706D-06  6.717D-01
  104  235     0     0  con    0  1.0D+00  3.0D-01  5.313D-06  6.643D-01
  105  236     0     0  con    0  1.0D+00  4.7D-01  1.476D-05  6.592D-01
  106  237     0     0  con    0  1.0D+00  8.9D-02  2.912D-06  6.520D-01
  107  238     0     0  con    0  1.0D+00  1.1D-01  2.061D-06  6.475D-01
  108  239     0     0  con    0  1.0D+00  2.5D-01  5.094D-06  6.412D-01
  109  240     0     0  con    0  1.0D+00  3.0D-01  6.109D-06  6.345D-01
  110  242     0     0  con    1  4.5D-01  3.0D-01  4.614D-06  6.288D-01
  111  243     0     0  con    0  1.0D+00  2.1D-01  2.354D-06  6.225D-01
  112  244     0     0  con    0  1.0D+00  1.8D-01  4.262D-06  6.174D-01
  113  245     0     0  con    0  1.0D+00  1.7D-01  4.891D-06  6.128D-01
  114  246     0     0  con    0  1.0D+00  3.2D-01  4.011D-06  6.056D-01
  115  247     0     0  con    0  1.0D+00  2.8D-01  3.103D-06  5.984D-01
  116  248     0     0  con    0  1.0D+00  2.9D-01  3.997D-06  5.914D-01
  117  249     0     0  con    0  1.0D+00  2.4D-01  3.901D-06  5.850D-01
  118  250     0     0  con    0  1.0D+00  3.8D-01  4.836D-06  5.769D-01
  119  251     0     0  con    0  1.0D+00  2.4D-01  2.285D-06  5.699D-01
  120  252     0     0  con    0  1.0D+00  1.5D-01  2.361D-06  5.654D-01
  121  253     0     0  con    0  1.0D+00  2.6D-01  4.120D-06  5.592D-01
  122  254     0     0  con    0  1.0D+00  4.8D-01  6.378D-06  5.534D-01
  123  255     0     0  con    0  1.0D+00  9.7D-02  2.611D-06  5.464D-01
  124  256     0     0  con    0  1.0D+00  7.5D-02  1.726D-06  5.430D-01
  125  257     0     0  con    0  1.0D+00  1.9D-01  2.899D-06  5.382D-01
  126  258     0     0  con    0  1.0D+00  3.9D-01  4.693D-06  5.304D-01
  127  259     0     0  con    0  1.0D+00  4.1D-01  3.034D-06  5.219D-01
  128  260     0     0  con    0  1.0D+00  1.0D-01  1.509D-06  5.182D-01
  129  261     0     0  con    0  1.0D+00  2.5D-01  3.183D-06  5.124D-01
  130  262     0     0  con    0  1.0D+00  2.7D-01  4.970D-06  5.068D-01
  131  263     0     0  con    0  1.0D+00  2.8D-01  3.471D-06  5.003D-01
  132  264     0     0  con    0  1.0D+00  5.6D-01  5.053D-06  4.909D-01
  133  265     0     0  con    0  1.0D+00  7.9D-02  2.496D-06  4.872D-01
  134  266     0     0  con    0  1.0D+00  6.7D-02  1.724D-06  4.861D-01
  135  267     0     0  con    0  1.0D+00  3.0D-01  2.577D-06  4.792D-01
  136  269     0     0  con    1  4.8D-01  2.3D-01  3.693D-06  4.756D-01
  137  270     0     0  con    0  1.0D+00  2.8D-01  1.913D-06  4.705D-01
  138  271     0     0  con    0  1.0D+00  3.3D-01  1.399D-06  4.644D-01
  139  272     0     0  con    0  1.0D+00  3.5D-01  3.912D-06  4.590D-01
  140  273     0     0  con    0  1.0D+00  1.3D-01  1.756D-06  4.558D-01
  141  274     0     0  con    0  1.0D+00  1.2D-01  1.965D-06  4.538D-01
  142  275     0     0  con    0  1.0D+00  2.3D-01  2.047D-06  4.500D-01
  143  276     0     0  con    0  1.0D+00  5.2D-01  8.054D-06  4.463D-01
  144  277     0     0  con    0  1.0D+00  6.0D-02  2.033D-06  4.414D-01
  145  278     0     0  con    0  1.0D+00  8.7D-02  1.278D-06  4.389D-01
  146  279     0     0  con    0  1.0D+00  2.2D-01  1.428D-06  4.348D-01
  147  280     0     0  con    0  1.0D+00  2.5D-01  3.056D-06  4.308D-01
  148  281     0     0  con    0  1.0D+00  5.2D-01  4.435D-06  4.261D-01
  149  282     0     0  con    0  1.0D+00  9.7D-02  1.459D-06  4.243D-01
  150  283     0     0  con    0  1.0D+00  9.1D-02  1.506D-06  4.235D-01
  151  284     0     0  con    0  1.0D+00  1.9D-01  1.832D-06  4.215D-01
  152  285     0     0  con    0  1.0D+00  4.3D-01  9.092D-06  4.206D-01
  153  286     0     0  con    0  1.0D+00  5.7D-02  1.421D-06  4.166D-01
  154  287     0     0  con    0  1.0D+00  8.7D-02  1.397D-06  4.146D-01
  155  288     0     0  con    0  1.0D+00  1.9D-01  2.692D-06  4.116D-01
  156  289     0     0  con    0  1.0D+00  2.6D-01  3.284D-06  4.084D-01
  157  290     0     0  con    0  1.0D+00  3.6D-01  2.361D-06  4.050D-01
  158  291     0     0  con    0  1.0D+00  1.1D-01  1.185D-06  4.030D-01
  159  292     0     0  con    0  1.0D+00  1.7D-01  2.651D-06  4.007D-01
  160  293     0     0  con    0  1.0D+00  1.9D-01  1.870D-06  3.986D-01
  161  294     0     0  con    0  1.0D+00  1.9D-01  1.534D-06  3.958D-01
  162  295     0     0  con    0  1.0D+00  3.3D-01  1.801D-06  3.916D-01
  163  296     0     0  con    0  1.0D+00  2.0D-01  1.585D-06  3.889D-01
  164  297     0     0  con    0  1.0D+00  6.7D-02  1.083D-06  3.874D-01
  165  298     0     0  con    0  1.0D+00  2.7D-01  2.053D-06  3.841D-01
  166  299     0     0  con    0  1.0D+00  2.7D-01  3.010D-06  3.822D-01
  167  300     0     0  con    0  1.0D+00  2.7D-02  1.530D-06  3.808D-01
  168  301     0     0  con    0  1.0D+00  1.4D-01  9.418D-07  3.787D-01
  169  302     0     0  con    0  1.0D+00  1.6D-01  1.066D-06  3.768D-01
  170  303     0     0  con    0  1.0D+00  3.3D-01  2.523D-06  3.733D-01
  171  304     0     0  con    0  1.0D+00  4.1D-01  2.112D-06  3.697D-01
  172  305     0     0  con    0  1.0D+00  5.6D-02  6.685D-07  3.687D-01
  173  306     0     0  con    0  1.0D+00  6.7D-02  1.247D-06  3.676D-01
  174  307     0     0  con    0  1.0D+00  1.5D-01  1.882D-06  3.659D-01
  175  308     0     0  con    0  1.0D+00  2.9D-01  1.386D-06  3.628D-01
  176  309     0     0  con    0  1.0D+00  2.7D-01  2.036D-06  3.600D-01
  177  310     0     0  con    0  1.0D+00  1.7D-01  1.147D-06  3.577D-01
  178  311     0     0  con    0  1.0D+00  9.6D-02  9.738D-07  3.563D-01
  179  312     0     0  con    0  1.0D+00  2.3D-01  3.071D-06  3.541D-01
  180  313     0     0  con    0  1.0D+00  2.0D-01  1.239D-06  3.517D-01
  181  314     0     0  con    0  1.0D+00  8.3D-02  1.185D-06  3.505D-01
  182  315     0     0  con    0  1.0D+00  1.8D-01  1.769D-06  3.487D-01
  183  316     0     0  con    0  1.0D+00  1.7D-01  2.053D-06  3.472D-01
  184  317     0     0  con    0  1.0D+00  9.1D-02  1.230D-06  3.459D-01
  185  318     0     0  con    0  1.0D+00  2.1D-01  1.040D-06  3.435D-01
  186  319     0     0  con    0  1.0D+00  1.2D-01  2.105D-06  3.423D-01
  187  320     0     0  con    0  1.0D+00  2.4D-01  1.261D-06  3.401D-01
  188  321     0     0  con    0  1.0D+00  1.9D-01  2.499D-06  3.387D-01
  189  322     0     0  con    0  1.0D+00  3.8D-02  9.083D-07  3.379D-01
  190  323     0     0  con    0  1.0D+00  1.1D-01  9.479D-07  3.367D-01
  191  324     0     0  con    0  1.0D+00  1.7D-01  1.317D-06  3.351D-01
  192  325     0     0  con    0  1.0D+00  3.6D-01  3.801D-06  3.330D-01
  193  326     0     0  con    0  1.0D+00  3.3D-02  8.712D-07  3.318D-01
  194  327     0     0  con    0  1.0D+00  3.1D-02  8.336D-07  3.313D-01
  195  328     0     0  con    0  1.0D+00  8.6D-02  1.127D-06  3.305D-01
  196  329     0     0  con    0  1.0D+00  1.9D-01  1.697D-06  3.289D-01
  197  331     0     0  con    1  4.9D-01  2.0D-01  1.665D-06  3.276D-01
  198  332     0     0  con    0  1.0D+00  1.6D-01  6.409D-07  3.262D-01
  199  333     0     0  con    0  1.0D+00  1.2D-01  9.062D-07  3.252D-01
  200  334     0     0  con    0  1.0D+00  1.3D-01  1.460D-06  3.243D-01
  201  335     0     0  con    0  1.0D+00  1.5D-01  1.402D-06  3.232D-01
  202  336     0     0  con    0  1.0D+00  1.3D-01  8.528D-07  3.222D-01
  203  337     0     0  con    0  1.0D+00  1.5D-01  1.103D-06  3.214D-01
  204  338     0     0  con    0  1.0D+00  7.1D-02  8.161D-07  3.208D-01
  205  339     0     0  con    0  1.0D+00  1.3D-01  1.215D-06  3.198D-01
  206  340     0     0  con    0  1.0D+00  1.9D-01  2.208D-06  3.190D-01
  207  341     0     0  con    0  1.0D+00  1.1D-01  8.100D-07  3.180D-01
  208  342     0     0  con    0  1.0D+00  1.1D-01  5.537D-07  3.172D-01
  209  343     0     0  con    0  1.0D+00  1.1D-01  9.883D-07  3.166D-01
  210  344     0     0  con    0  1.0D+00  2.2D-01  2.373D-06  3.157D-01
  211  345     0     0  con    0  1.0D+00  1.4D-01  7.923D-07  3.148D-01
  212  346     0     0  con    0  1.0D+00  4.3D-02  4.797D-07  3.144D-01
  213  347     0     0  con    0  1.0D+00  8.4D-02  9.380D-07  3.138D-01
  214  348     0     0  con    0  1.0D+00  1.4D-01  1.580D-06  3.132D-01
  215  349     0     0  con    0  1.0D+00  1.3D-01  9.930D-07  3.124D-01
  216  350     0     0  con    0  1.0D+00  2.0D-01  9.622D-07  3.113D-01
  217  351     0     0  con    0  1.0D+00  1.2D-01  1.093D-06  3.107D-01
  218  352     0     0  con    0  1.0D+00  6.7D-02  7.517D-07  3.103D-01
  219  353     0     0  con    0  1.0D+00  2.0D-01  1.056D-06  3.094D-01
  220  354     0     0  con    0  1.0D+00  1.4D-01  1.417D-06  3.088D-01
  221  355     0     0  con    0  1.0D+00  4.7D-02  8.415D-07  3.084D-01
  222  356     0     0  con    0  1.0D+00  1.6D-01  5.455D-07  3.075D-01
  223  357     0     0  con    0  1.0D+00  1.1D-01  1.095D-06  3.070D-01
  224  358     0     0  con    0  1.0D+00  1.5D-01  8.606D-07  3.063D-01
  225  359     0     0  con    0  1.0D+00  2.5D-01  2.089D-06  3.051D-01
  226  360     0     0  con    0  1.0D+00  2.1D-01  1.218D-06  3.042D-01
  227  361     0     0  con    0  1.0D+00  5.8D-02  3.988D-07  3.040D-01
  228  362     0     0  con    0  1.0D+00  3.8D-02  4.939D-07  3.037D-01
  229  363     0     0  con    0  1.0D+00  1.2D-01  9.776D-07  3.031D-01
  230  364     0     0  con    0  1.0D+00  2.9D-01  2.603D-06  3.021D-01
  231  365     0     0  con    0  1.0D+00  7.9D-02  5.278D-07  3.013D-01
  232  366     0     0  con    0  1.0D+00  8.6D-02  6.066D-07  3.008D-01
  233  367     0     0  con    0  1.0D+00  1.3D-01  9.764D-07  3.000D-01
  234  368     0     0  con    0  1.0D+00  2.6D-01  3.038D-06  2.992D-01
  235  369     0     0  con    0  1.0D+00  2.5D-02  6.643D-07  2.986D-01
  236  370     0     0  con    0  1.0D+00  3.6D-02  3.659D-07  2.984D-01
  237  371     0     0  con    0  1.0D+00  8.1D-02  9.037D-07  2.980D-01
  238  372     0     0  con    0  1.0D+00  1.4D-01  8.946D-07  2.973D-01
  239  374     0     0  con    1  3.6D-01  1.4D-01  1.765D-06  2.967D-01
  240  375     0     0  con    0  1.0D+00  1.5D-01  6.170D-07  2.959D-01
  241  376     0     0  con    0  1.0D+00  9.5D-02  3.994D-07  2.953D-01
  242  377     0     0  con    0  1.0D+00  1.4D-01  1.230D-06  2.946D-01
  243  378     0     0  con    0  1.0D+00  1.1D-01  1.159D-06  2.941D-01
  244  379     0     0  con    0  1.0D+00  4.1D-02  5.125D-07  2.938D-01
  245  380     0     0  con    0  1.0D+00  1.2D-01  7.553D-07  2.932D-01
  246  381     0     0  con    0  1.0D+00  1.1D-01  8.340D-07  2.927D-01
  247  382     0     0  con    0  1.0D+00  1.5D-01  7.260D-07  2.921D-01
  248  383     0     0  con    0  1.0D+00  3.0D-01  1.807D-06  2.911D-01
  249  384     0     0  con    0  1.0D+00  3.9D-02  7.587D-07  2.907D-01
  250  385     0     0  con    0  1.0D+00  3.2D-02  6.948D-07  2.905D-01
  251  386     0     0  con    0  1.0D+00  1.0D-01  9.100D-07  2.900D-01
  252  387     0     0  con    0  1.0D+00  2.6D-01  2.645D-06  2.894D-01
  253  388     0     0  con    0  1.0D+00  2.3D-02  7.082D-07  2.888D-01
  254  389     0     0  con    0  1.0D+00  7.2D-02  3.688D-07  2.884D-01
  255  390     0     0  con    0  1.0D+00  1.1D-01  7.756D-07  2.878D-01
  256  391     0     0  con    0  1.0D+00  1.5D-01  1.135D-06  2.871D-01
  257  392     0     0  con    0  1.0D+00  2.9D-01  1.711D-06  2.862D-01
  258  393     0     0  con    0  1.0D+00  4.5D-02  3.044D-07  2.859D-01
  259  394     0     0  con    0  1.0D+00  3.5D-02  5.089D-07  2.858D-01
  260  395     0     0  con    0  1.0D+00  7.6D-02  1.041D-06  2.855D-01
  261  396     0     0  con    0  1.0D+00  2.3D-01  2.033D-06  2.848D-01
  262  397     0     0  con    0  1.0D+00  8.9D-02  6.001D-07  2.841D-01
  263  398     0     0  con    0  1.0D+00  7.0D-02  4.532D-07  2.836D-01
  264  399     0     0  con    0  1.0D+00  1.2D-01  5.896D-07  2.830D-01
  265  400     0     0  con    0  1.0D+00  1.5D-01  9.667D-07  2.822D-01
  266  401     0     0  con    0  1.0D+00  3.0D-01  3.166D-06  2.814D-01
  267  402     0     0  con    0  1.0D+00  5.8D-02  3.150D-07  2.811D-01
  268  403     0     0  con    0  1.0D+00  3.0D-02  3.669D-07  2.810D-01
  269  404     0     0  con    0  1.0D+00  7.0D-02  9.219D-07  2.808D-01
  270  405     0     0  con    0  1.0D+00  1.6D-01  1.653D-06  2.805D-01
  271  406     0     0  con    0  1.0D+00  1.3D-01  6.350D-07  2.799D-01
  272  407     0     0  con    0  1.0D+00  9.1D-02  3.531D-07  2.794D-01
  273  408     0     0  con    0  1.0D+00  1.2D-01  6.656D-07  2.788D-01
  274  409     0     0  con    0  1.0D+00  1.4D-01  1.651D-06  2.784D-01
  275  410     0     0  con    0  1.0D+00  6.3D-02  5.140D-07  2.781D-01
  276  411     0     0  con    0  1.0D+00  6.8D-02  4.264D-07  2.779D-01
  277  412     0     0  con    0  1.0D+00  8.6D-02  8.351D-07  2.777D-01
  278  413     0     0  con    0  1.0D+00  1.8D-01  1.493D-06  2.774D-01
  279  414     0     0  con    0  1.0D+00  5.6D-02  5.401D-07  2.770D-01
  280  415     0     0  con    0  1.0D+00  6.9D-02  4.352D-07  2.766D-01
  281  416     0     0  con    0  1.0D+00  8.0D-02  6.788D-07  2.763D-01
  282  417     0     0  con    0  1.0D+00  2.1D-01  2.528D-06  2.759D-01
  283  418     0     0  con    0  1.0D+00  4.4D-02  4.852D-07  2.754D-01
  284  419     0     0  con    0  1.0D+00  3.2D-02  3.099D-07  2.753D-01
  285  420     0     0  con    0  1.0D+00  7.8D-02  6.630D-07  2.752D-01
  286  421     0     0  con    0  1.0D+00  1.4D-01  9.730D-07  2.748D-01
  287  422     0     0  con    0  1.0D+00  2.6D-01  1.523D-06  2.745D-01
  288  423     0     0  con    0  1.0D+00  2.0D-02  3.090D-07  2.741D-01
  289  424     0     0  con    0  1.0D+00  2.0D-02  3.865D-07  2.739D-01
  290  425     0     0  con    0  1.0D+00  5.6D-02  7.789D-07  2.737D-01
  291  426     0     0  con    0  1.0D+00  1.6D-01  1.210D-06  2.733D-01
  292  427     0     0  con    0  1.0D+00  2.9D-01  2.240D-06  2.730D-01
  293  428     0     0  con    0  1.0D+00  5.9D-02  3.840D-07  2.727D-01
  294  429     0     0  con    0  1.0D+00  2.0D-02  2.709D-07  2.726D-01
  295  430     0     0  con    0  1.0D+00  7.3D-02  6.492D-07  2.723D-01
  296  431     0     0  con    0  1.0D+00  1.3D-01  1.223D-06  2.720D-01
  297  432     0     0  con    0  1.0D+00  1.9D-01  5.853D-07  2.715D-01
  298  433     0     0  con    0  1.0D+00  5.9D-02  2.273D-07  2.712D-01
  299  434     0     0  con    0  1.0D+00  9.3D-02  6.611D-07  2.709D-01
  300  435     0     0  con    0  1.0D+00  7.8D-02  1.406D-06  2.707D-01
  301  436     0     0  con    0  1.0D+00  4.5D-02  9.122D-07  2.704D-01
  302  437     0     0  con    0  1.0D+00  1.5D-01  6.665D-07  2.700D-01
  303  438     0     0  con    0  1.0D+00  6.7D-02  6.895D-07  2.698D-01
  304  439     0     0  con    0  1.0D+00  8.6D-02  4.710D-07  2.695D-01
  305  440     0     0  con    0  1.0D+00  2.5D-01  1.460D-06  2.689D-01
  306  441     0     0  con    0  1.0D+00  3.5D-02  3.465D-07  2.687D-01
  307  442     0     0  con    0  1.0D+00  2.5D-02  3.361D-07  2.686D-01
  308  443     0     0  con    0  1.0D+00  6.1D-02  8.116D-07  2.684D-01
  309  444     0     0  con    0  1.0D+00  2.0D-01  1.823D-06  2.681D-01
  310  445     0     0  con    0  1.0D+00  1.5D-02  5.273D-07  2.679D-01
  311  446     0     0  con    0  1.0D+00  5.0D-02  1.984D-07  2.677D-01
  312  447     0     0  con    0  1.0D+00  1.0D-01  4.617D-07  2.674D-01
  313  448     0     0  con    0  1.0D+00  1.2D-01  4.978D-07  2.670D-01
  314  449     0     0  con    0  1.0D+00  2.1D-01  2.219D-06  2.667D-01
  315  450     0     0  con    0  1.0D+00  9.9D-02  4.595D-07  2.662D-01
  316  451     0     0  con    0  1.0D+00  2.7D-02  1.898D-07  2.662D-01
  317  452     0     0  con    0  1.0D+00  5.1D-02  5.786D-07  2.662D-01
  318  453     0     0  con    0  1.0D+00  9.4D-02  9.692D-07  2.661D-01
  319  454     0     0  con    0  1.0D+00  7.1D-02  4.452D-07  2.659D-01
  320  455     0     0  con    0  1.0D+00  1.2D-01  3.224D-07  2.656D-01
  321  456     0     0  con    0  1.0D+00  7.5D-02  5.449D-07  2.655D-01
  322  457     0     0  con    0  1.0D+00  1.2D-01  7.638D-07  2.653D-01
  323  458     0     0  con    0  1.0D+00  5.3D-02  2.675D-07  2.652D-01
  324  459     0     0  con    0  1.0D+00  7.4D-02  3.463D-07  2.652D-01
  325  463     0     0  con    3  5.0D-01  4.8D-02  7.670D-07  2.652D-01
  326  464     0     0  con    0  1.0D+00  6.3D-02  5.919D-07  2.651D-01
  327  465     0     0  con    0  1.0D+00  1.3D-01  5.355D-07  2.651D-01
  328  466     0     0  con    0  1.0D+00  1.7D-01  9.896D-07  2.650D-01
  329  467     0     0  con    0  1.0D+00  2.5D-02  2.594D-07  2.649D-01
  330  468     0     0  con    0  1.0D+00  2.3D-02  4.130D-07  2.648D-01
  331  469     0     0  con    0  1.0D+00  5.0D-02  4.763D-07  2.648D-01
  332  476     0     0  con    6  2.5D-01  3.8D-02  6.385D-07  2.647D-01
  333  477     0     0  con    0  1.0D+00  1.3D-01  3.386D-07  2.647D-01
  334  478     0     0  con    0  1.0D+00  9.8D-02  6.519D-07  2.646D-01
  335  479     0     0  con    0  1.0D+00  1.6D-01  5.801D-07  2.646D-01
  336  480     0     0  con    0  1.0D+00  3.1D-02  3.987D-07  2.645D-01
  337  481     0     0  con    0  1.0D+00  2.6D-02  3.074D-07  2.644D-01
  338  482     0     0  con    0  1.0D+00  7.6D-02  4.750D-07  2.642D-01
  339  483     0     0  con    0  1.0D+00  1.6D-01  6.181D-07  2.641D-01
  340  484     0     0  con    0  1.0D+00  5.3D-02  2.768D-07  2.640D-01
  341  485     0     0  con    0  1.0D+00  6.6D-02  2.391D-07  2.639D-01
  342  486     0     0  con    0  1.0D+00  8.7D-02  3.970D-07  2.637D-01
  343  487     0     0  con    0  1.0D+00  1.4D-01  6.885D-07  2.635D-01
  344  488     0     0  con    0  1.0D+00  6.0D-02  5.090D-07  2.633D-01
  345  489     0     0  con    0  1.0D+00  3.9D-02  2.905D-07  2.632D-01
  346  490     0     0  con    0  1.0D+00  3.9D-02  2.637D-07  2.631D-01
  347  491     0     0  con    0  1.0D+00  1.0D-01  1.262D-06  2.629D-01
  348  492     0     0  con    0  1.0D+00  3.8D-02  3.589D-07  2.627D-01
  349  493     0     0  con    0  1.0D+00  4.8D-02  2.485D-07  2.626D-01
  350  494     0     0  con    0  1.0D+00  6.6D-02  3.789D-07  2.625D-01
  351  495     0     0  con    0  1.0D+00  1.1D-01  8.185D-07  2.622D-01
  352  496     0     0  con    0  1.0D+00  1.4D-01  6.597D-07  2.620D-01
  353  497     0     0  con    0  1.0D+00  1.9D-02  2.191D-07  2.619D-01
  354  498     0     0  con    0  1.0D+00  3.7D-02  2.956D-07  2.618D-01
  355  499     0     0  con    0  1.0D+00  6.2D-02  6.039D-07  2.616D-01
  356  500     0     0  con    0  1.0D+00  1.2D-01  3.586D-07  2.614D-01
  357  501     0     0  con    0  1.0D+00  1.3D-01  7.768D-07  2.611D-01
  358  502     0     0  con    0  1.0D+00  6.4D-02  2.172D-07  2.609D-01
  359  503     0     0  con    0  1.0D+00  4.6D-02  3.042D-07  2.608D-01
  360  504     0     0  con    0  1.0D+00  8.5D-02  5.413D-07  2.606D-01
  361  505     0     0  con    0  1.0D+00  1.5D-01  1.184D-06  2.604D-01
  362  506     0     0  con    0  1.0D+00  9.6D-03  2.315D-07  2.602D-01
  363  507     0     0  con    0  1.0D+00  2.3D-02  2.218D-07  2.602D-01
  364  508     0     0  con    0  1.0D+00  5.9D-02  4.618D-07  2.600D-01
  365  509     0     0  con    0  1.0D+00  9.7D-02  4.511D-07  2.598D-01
  366  511     0     0  con    1  3.1D-01  7.8D-02  7.877D-07  2.597D-01
  367  512     0     0  con    0  1.0D+00  1.1D-01  2.987D-07  2.595D-01
  368  513     0     0  con    0  1.0D+00  6.3D-02  1.953D-07  2.593D-01
  369  514     0     0  con    0  1.0D+00  9.3D-02  5.930D-07  2.592D-01
  370  515     0     0  con    0  1.0D+00  9.5D-02  8.732D-07  2.591D-01
  371  516     0     0  con    0  1.0D+00  1.1D-02  3.039D-07  2.590D-01
  372  517     0     0  con    0  1.0D+00  4.2D-02  3.635D-07  2.589D-01
  373  518     0     0  con    0  1.0D+00  5.9D-02  4.909D-07  2.588D-01
  374  519     0     0  con    0  1.0D+00  1.7D-01  1.260D-06  2.586D-01
  375  520     0     0  con    0  1.0D+00  1.3D-01  4.294D-07  2.583D-01
  376  521     0     0  con    0  1.0D+00  1.3D-02  1.437D-07  2.583D-01
  377  522     0     0  con    0  1.0D+00  3.8D-02  3.298D-07  2.582D-01
  378  523     0     0  con    0  1.0D+00  8.0D-02  8.385D-07  2.581D-01
  379  524     0     0  con    0  1.0D+00  9.7D-02  5.904D-07  2.579D-01
  380  525     0     0  con    0  1.0D+00  1.1D-01  3.714D-07  2.578D-01
  381  526     0     0  con    0  1.0D+00  8.7D-02  5.276D-07  2.576D-01
  382  527     0     0  con    0  1.0D+00  4.4D-02  3.431D-07  2.575D-01
  383  528     0     0  con    0  1.0D+00  9.0D-02  5.812D-07  2.574D-01
  384  529     0     0  con    0  1.0D+00  9.3D-02  5.975D-07  2.573D-01
  385  530     0     0  con    0  1.0D+00  2.6D-02  3.210D-07  2.573D-01
  386  531     0     0  con    0  1.0D+00  6.5D-02  3.091D-07  2.571D-01
  387  532     0     0  con    0  1.0D+00  8.0D-02  5.322D-07  2.570D-01
  388  533     0     0  con    0  1.0D+00  1.9D-01  1.159D-06  2.569D-01
  389  534     0     0  con    0  1.0D+00  1.9D-02  2.161D-07  2.568D-01
  390  535     0     0  con    0  1.0D+00  1.1D-02  2.162D-07  2.567D-01
  391  536     0     0  con    0  1.0D+00  4.0D-02  3.059D-07  2.567D-01
  392  537     0     0  con    0  1.0D+00  8.8D-02  1.157D-06  2.567D-01
  393  538     0     0  con    0  1.0D+00  7.3D-02  3.668D-07  2.566D-01
  394  539     0     0  con    0  1.0D+00  6.6D-02  2.014D-07  2.565D-01
  395  540     0     0  con    0  1.0D+00  6.7D-02  4.390D-07  2.564D-01
  396  541     0     0  con    0  1.0D+00  9.9D-02  7.815D-07  2.564D-01
  397  542     0     0  con    0  1.0D+00  3.8D-02  2.550D-07  2.563D-01
  398  543     0     0  con    0  1.0D+00  4.5D-02  2.851D-07  2.562D-01
  399  544     0     0  con    0  1.0D+00  5.9D-02  4.965D-07  2.562D-01
  400  545     0     0  con    0  1.0D+00  1.4D-01  1.015D-06  2.561D-01
  401  546     0     0  con    0  1.0D+00  2.8D-02  2.013D-07  2.560D-01
  402  547     0     0  con    0  1.0D+00  2.5D-02  2.687D-07  2.559D-01
  403  548     0     0  con    0  1.0D+00  6.3D-02  4.091D-07  2.558D-01
  404  549     0     0  con    0  1.0D+00  1.3D-01  9.502D-07  2.557D-01
  405  550     0     0  con    0  1.0D+00  9.1D-02  3.860D-07  2.555D-01
  406  551     0     0  con    0  1.0D+00  4.6D-02  1.432D-07  2.555D-01
  407  552     0     0  con    0  1.0D+00  5.8D-02  2.783D-07  2.554D-01
  408  553     0     0  con    0  1.0D+00  9.8D-02  8.846D-07  2.553D-01
  409  554     0     0  con    0  1.0D+00  6.7D-02  4.970D-07  2.551D-01
  410  555     0     0  con    0  1.0D+00  6.3D-02  2.107D-07  2.550D-01
  411  556     0     0  con    0  1.0D+00  6.1D-02  4.190D-07  2.549D-01
  412  557     0     0  con    0  1.0D+00  1.2D-01  1.170D-06  2.548D-01
  413  558     0     0  con    0  1.0D+00  2.4D-02  4.084D-07  2.547D-01
  414  559     0     0  con    0  1.0D+00  2.7D-02  2.337D-07  2.546D-01
  415  560     0     0  con    0  1.0D+00  5.6D-02  3.623D-07  2.545D-01
  416  561     0     0  con    0  1.0D+00  9.8D-02  7.041D-07  2.544D-01
  417  562     0     0  con    0  1.0D+00  1.4D-01  3.443D-07  2.542D-01
  418  563     0     0  con    0  1.0D+00  3.4D-02  1.563D-07  2.541D-01
  419  564     0     0  con    0  1.0D+00  7.1D-02  3.210D-07  2.540D-01
  420  565     0     0  con    0  1.0D+00  7.9D-02  9.174D-07  2.539D-01
  421  566     0     0  con    0  1.0D+00  3.9D-02  4.141D-07  2.538D-01
  422  567     0     0  con    0  1.0D+00  8.9D-02  2.012D-07  2.536D-01
  423  568     0     0  con    0  1.0D+00  5.4D-02  2.931D-07  2.535D-01
  424  569     0     0  con    0  1.0D+00  1.6D-01  1.264D-06  2.534D-01
  425  570     0     0  con    0  1.0D+00  3.6D-02  2.786D-07  2.532D-01
  426  571     0     0  con    0  1.0D+00  1.1D-02  1.494D-07  2.532D-01
  427  572     0     0  con    0  1.0D+00  3.7D-02  2.887D-07  2.531D-01
  428  573     0     0  con    0  1.0D+00  7.9D-02  5.976D-07  2.530D-01
  429  574     0     0  con    0  1.0D+00  1.3D-01  4.438D-07  2.528D-01
  430  575     0     0  con    0  1.0D+00  6.3D-02  1.898D-07  2.527D-01
  431  576     0     0  con    0  1.0D+00  9.8D-02  4.002D-07  2.525D-01
  432  577     0     0  con    0  1.0D+00  6.6D-02  5.882D-07  2.524D-01
  433  578     0     0  con    0  1.0D+00  6.0D-02  4.308D-07  2.523D-01
  434  579     0     0  con    0  1.0D+00  1.3D-01  5.500D-07  2.521D-01
  435  580     0     0  con    0  1.0D+00  5.2D-02  4.044D-07  2.521D-01
  436  581     0     0  con    0  1.0D+00  1.6D-02  3.151D-07  2.520D-01
  437  582     0     0  con    0  1.0D+00  1.2D-01  6.016D-07  2.518D-01
  438  583     0     0  con    0  1.0D+00  1.1D-01  6.766D-07  2.517D-01
  439  584     0     0  con    0  1.0D+00  1.1D-02  3.030D-07  2.516D-01
  440  585     0     0  con    0  1.0D+00  2.9D-02  1.932D-07  2.516D-01
  441  586     0     0  con    0  1.0D+00  5.7D-02  3.162D-07  2.516D-01
  442  587     0     0  con    0  1.0D+00  9.7D-02  4.134D-07  2.515D-01
  443  591     0     0  con    3  5.0D-01  1.4D-01  1.105D-06  2.514D-01
  444  592     0     0  con    0  1.0D+00  6.1D-02  1.694D-07  2.513D-01
  445  593     0     0  con    0  1.0D+00  2.0D-02  1.462D-07  2.513D-01
  446  594     0     0  con    0  1.0D+00  4.2D-02  3.019D-07  2.513D-01
  447  595     0     0  con    0  1.0D+00  1.0D-01  7.715D-07  2.512D-01
  448  596     0     0  con    0  1.0D+00  1.1D-01  2.607D-07  2.512D-01
  449  597     0     0  con    0  1.0D+00  3.8D-02  1.479D-07  2.511D-01
  450  598     0     0  con    0  1.0D+00  7.5D-02  7.417D-07  2.511D-01
  451  599     0     0  con    0  1.0D+00  5.0D-02  4.104D-07  2.511D-01
  452  600     0     0  con    0  1.0D+00  3.2D-02  3.853D-07  2.510D-01
  453  601     0     0  con    0  1.0D+00  9.4D-02  4.899D-07  2.510D-01
  454  605     0     0  con    3  5.0D-01  3.7D-02  3.648D-07  2.510D-01
  455  606     0     0  con    0  1.0D+00  4.8D-02  4.584D-07  2.510D-01
  456  607     0     0  con    0  1.0D+00  9.2D-02  4.774D-07  2.509D-01
  457  611     0     0  con    3  5.0D-01  5.0D-02  4.409D-07  2.509D-01
  458  612     0     0  con    0  1.0D+00  2.4D-02  2.861D-07  2.509D-01
  459  613     0     0  con    0  1.0D+00  5.6D-02  3.014D-07  2.508D-01
  460  614     0     0  con    0  1.0D+00  6.1D-02  5.030D-07  2.508D-01
  461  615     0     0  con    0  1.0D+00  7.2D-02  2.087D-07  2.508D-01
  462  616     0     0  con    0  1.0D+00  5.6D-02  2.141D-07  2.507D-01
  463  617     0     0  con    0  1.0D+00  8.8D-02  6.617D-07  2.507D-01
  464  618     0     0  con    0  1.0D+00  4.4D-02  2.237D-07  2.506D-01
  465  619     0     0  con    0  1.0D+00  1.7D-02  1.970D-07  2.506D-01
  466  620     0     0  con    0  1.0D+00  6.6D-02  2.822D-07  2.505D-01
  467  621     0     0  con    0  1.0D+00  9.5D-02  8.859D-07  2.505D-01
  468  622     0     0  con    0  1.0D+00  1.5D-02  3.218D-07  2.504D-01
  469  623     0     0  con    0  1.0D+00  3.2D-02  1.485D-07  2.504D-01
  470  624     0     0  con    0  1.0D+00  3.8D-02  2.407D-07  2.503D-01
  471  625     0     0  con    0  1.0D+00  7.2D-02  4.002D-07  2.503D-01
  472  627     0     0  con    1  4.4D-01  6.8D-02  5.021D-07  2.502D-01
  473  628     0     0  con    0  1.0D+00  5.7D-02  1.692D-07  2.501D-01
  474  629     0     0  con    0  1.0D+00  3.3D-02  1.617D-07  2.501D-01
  475  630     0     0  con    0  1.0D+00  4.5D-02  3.710D-07  2.500D-01
  476  631     0     0  con    0  1.0D+00  6.2D-02  5.767D-07  2.499D-01
  477  632     0     0  con    0  1.0D+00  3.0D-02  2.570D-07  2.499D-01
  478  633     0     0  con    0  1.0D+00  6.4D-02  2.768D-07  2.498D-01
  479  634     0     0  con    0  1.0D+00  5.1D-02  5.322D-07  2.497D-01
  480  635     0     0  con    0  1.0D+00  4.9D-02  3.520D-07  2.496D-01
  481  636     0     0  con    0  1.0D+00  1.1D-01  5.503D-07  2.495D-01
  482  637     0     0  con    0  1.0D+00  3.6D-02  3.683D-07  2.494D-01
  483  638     0     0  con    0  1.0D+00  6.8D-03  2.719D-07  2.494D-01
  484  639     0     0  con    0  1.0D+00  5.3D-02  4.176D-07  2.493D-01
  485  640     0     0  con    0  1.0D+00  8.5D-02  7.184D-07  2.492D-01
  486  641     0     0  con    0  1.0D+00  7.8D-03  2.291D-07  2.492D-01
  487  642     0     0  con    0  1.0D+00  3.1D-02  1.498D-07  2.491D-01
  488  643     0     0  con    0  1.0D+00  5.2D-02  2.883D-07  2.490D-01
  489  644     0     0  con    0  1.0D+00  6.7D-02  4.423D-07  2.489D-01
  490  645     0     0  con    0  1.0D+00  1.3D-01  3.845D-07  2.488D-01
  491  646     0     0  con    0  1.0D+00  1.1D-02  1.204D-07  2.487D-01
  492  647     0     0  con    0  1.0D+00  1.6D-02  2.361D-07  2.487D-01
  493  648     0     0  con    0  1.0D+00  4.0D-02  3.820D-07  2.486D-01
  494  649     0     0  con    0  1.0D+00  1.2D-01  6.270D-07  2.485D-01
  495  650     0     0  con    0  1.0D+00  4.4D-02  1.157D-07  2.484D-01
  496  651     0     0  con    0  1.0D+00  4.1D-02  2.897D-07  2.483D-01
  497  652     0     0  con    0  1.0D+00  5.4D-02  3.110D-07  2.482D-01
  498  654     0     0  con    1  4.7D-01  6.3D-02  5.593D-07  2.482D-01
  499  655     0     0  con    0  1.0D+00  5.9D-02  1.813D-07  2.481D-01
  500  656     0     0  con    0  1.0D+00  3.8D-02  1.196D-07  2.480D-01
  501  657     0     0  con    0  1.0D+00  4.9D-02  3.506D-07  2.480D-01
  502  658     0     0  con    0  1.0D+00  6.2D-02  4.598D-07  2.479D-01
  503  659     0     0  con    0  1.0D+00  1.9D-02  1.631D-07  2.479D-01
  504  660     0     0  con    0  1.0D+00  4.3D-02  2.108D-07  2.478D-01
  505  661     0     0  con    0  1.0D+00  4.0D-02  2.830D-07  2.478D-01
  506  662     0     0  con    0  1.0D+00  7.4D-02  2.028D-07  2.477D-01
  507  663     0     0  con    0  1.0D+00  8.5D-02  5.376D-07  2.477D-01
  508  664     0     0  con    0  1.0D+00  3.7D-02  1.689D-07  2.477D-01
  509  665     0     0  con    0  1.0D+00  2.7D-02  1.969D-07  2.476D-01
  510  666     0     0  con    0  1.0D+00  4.6D-02  3.157D-07  2.476D-01
  511  667     0     0  con    0  1.0D+00  9.3D-02  6.127D-07  2.476D-01
  512  668     0     0  con    0  1.0D+00  9.1D-03  1.897D-07  2.476D-01
  513  669     0     0  con    0  1.0D+00  2.3D-02  1.530D-07  2.475D-01
  514  670     0     0  con    0  1.0D+00  4.5D-02  2.533D-07  2.475D-01
  515  671     0     0  con    0  1.0D+00  8.9D-02  1.051D-06  2.475D-01
  516  672     0     0  con    0  1.0D+00  4.1D-02  2.446D-07  2.474D-01
  517  673     0     0  con    0  1.0D+00  2.3D-02  1.441D-07  2.474D-01
  518  674     0     0  con    0  1.0D+00  3.5D-02  2.340D-07  2.474D-01
  519  675     0     0  con    0  1.0D+00  5.2D-02  3.008D-07  2.473D-01
  520  679     0     0  con    3  5.0D-01  6.6D-02  5.058D-07  2.473D-01
  521  680     0     0  con    0  1.0D+00  4.5D-02  1.172D-07  2.473D-01
  522  681     0     0  con    0  1.0D+00  2.7D-02  1.457D-07  2.472D-01
  523  682     0     0  con    0  1.0D+00  4.1D-02  2.454D-07  2.472D-01
  524  683     0     0  con    0  1.0D+00  8.0D-02  6.880D-07  2.472D-01
  525  684     0     0  con    0  1.0D+00  2.1D-02  2.481D-07  2.471D-01
  526  685     0     0  con    0  1.0D+00  2.3D-02  1.549D-07  2.471D-01
  527  686     0     0  con    0  1.0D+00  4.0D-02  2.559D-07  2.470D-01
  528  687     0     0  con    0  1.0D+00  7.7D-02  4.070D-07  2.470D-01
  529  688     0     0  con    0  1.0D+00  1.3D-01  5.606D-07  2.469D-01
  530  689     0     0  con    0  1.0D+00  6.9D-03  1.177D-07  2.468D-01
  531  690     0     0  con    0  1.0D+00  1.4D-02  2.620D-07  2.468D-01
  532  691     0     0  con    0  1.0D+00  3.7D-02  3.919D-07  2.467D-01
  533  692     0     0  con    0  1.0D+00  1.3D-01  1.233D-06  2.467D-01
  534  693     0     0  con    0  1.0D+00  1.4D-02  2.230D-07  2.466D-01
  535  694     0     0  con    0  1.0D+00  1.7D-02  1.114D-07  2.465D-01
  536  695     0     0  con    0  1.0D+00  4.6D-02  2.490D-07  2.465D-01
  537  696     0     0  con    0  1.0D+00  6.3D-02  2.858D-07  2.464D-01
  538  698     0     0  con    1  4.1D-01  6.3D-02  5.594D-07  2.463D-01
  539  699     0     0  con    0  1.0D+00  6.8D-02  2.193D-07  2.462D-01
  540  700     0     0  con    0  1.0D+00  3.3D-02  1.168D-07  2.462D-01
  541  701     0     0  con    0  1.0D+00  4.5D-02  2.838D-07  2.461D-01
  542  702     0     0  con    0  1.0D+00  3.7D-02  2.630D-07  2.461D-01
  543  703     0     0  con    0  1.0D+00  4.3D-02  2.126D-07  2.460D-01
  544  704     0     0  con    0  1.0D+00  9.5D-02  6.125D-07  2.459D-01
  545  705     0     0  con    0  1.0D+00  1.7D-02  2.401D-07  2.458D-01
  546  706     0     0  con    0  1.0D+00  1.8D-02  1.270D-07  2.458D-01
  547  707     0     0  con    0  1.0D+00  6.2D-02  2.742D-07  2.457D-01
  548  708     0     0  con    0  1.0D+00  8.2D-02  6.105D-07  2.456D-01
  549  709     0     0  con    0  1.0D+00  3.0D-02  2.215D-07  2.456D-01
  550  710     0     0  con    0  1.0D+00  3.0D-02  1.150D-07  2.455D-01
  551  711     0     0  con    0  1.0D+00  3.0D-02  1.739D-07  2.455D-01
  552  712     0     0  con    0  1.0D+00  6.2D-02  3.388D-07  2.454D-01
  553  713     0     0  con    0  1.0D+00  9.6D-02  4.378D-07  2.454D-01
  554  714     0     0  con    0  1.0D+00  7.1D-03  1.181D-07  2.453D-01
  555  715     0     0  con    0  1.0D+00  1.3D-02  1.627D-07  2.453D-01
  556  716     0     0  con    0  1.0D+00  3.4D-02  2.407D-07  2.453D-01
  557  717     0     0  con    0  1.0D+00  9.4D-02  6.585D-07  2.452D-01
  558  718     0     0  con    0  1.0D+00  3.8D-02  1.161D-07  2.451D-01
  559  719     0     0  con    0  1.0D+00  2.2D-02  1.426D-07  2.451D-01
  560  720     0     0  con    0  1.0D+00  4.2D-02  2.246D-07  2.451D-01
  561  721     0     0  con    0  1.0D+00  7.9D-02  5.323D-07  2.450D-01
  562  722     0     0  con    0  1.0D+00  3.8D-02  1.760D-07  2.450D-01
  563  723     0     0  con    0  1.0D+00  2.2D-02  1.118D-07  2.450D-01
  564  724     0     0  con    0  1.0D+00  3.2D-02  2.504D-07  2.449D-01
  565  725     0     0  con    0  1.0D+00  5.8D-02  5.461D-07  2.449D-01
  566  726     0     0  con    0  1.0D+00  2.0D-02  1.437D-07  2.449D-01
  567  727     0     0  con    0  1.0D+00  3.5D-02  1.841D-07  2.449D-01
  568  728     0     0  con    0  1.0D+00  3.3D-02  2.309D-07  2.448D-01
  569  729     0     0  con    0  1.0D+00  8.7D-02  7.932D-07  2.448D-01
  570  730     0     0  con    0  1.0D+00  4.7D-02  2.022D-07  2.448D-01
  571  731     0     0  con    0  1.0D+00  7.5D-03  7.075D-08  2.448D-01

CONVERGENCE: NORM_OF_PROJECTED_GRADIENT_<=_PGTOL            

 Total User time 0.000E+00 seconds.

